(15, 1, 3, '01:30:15', '11:14:50', 0, 1, 1, 1, 'F', 850),
(8, 8, 3, '21:29:14', '10:18:27', 0, 1, 0, 3, 'F', 820),
(6, 5, 2, '00:43:53', '12:14:56', 1, 0, 1, 3, 'F', 971),
(3, 2, 4, '14:50:40', '00:53:59', 1, 0, 1, 1, 'F', 132),
(7, 6, 3, '01:16:40', '06:14:39', 1, 0, 0, 2, 'F', 190),
(15, 1, 1, '22:25:15', '12:32:20', 0, 1, 1, 5, 'F', 946),
(14, 4, 3, '10:51:52', '17:54:25', 1, 0, 1, 3, 'F', 955),
(3, 5, 3, '06:47:10', '23:46:53', 1, 1, 0, 3, 'M', 202),
(8, 10, 2, '07:05:52', '16:09:51', 1, 1, 1, 3, 'F', 518),
(12, 3, 3, '14:52:55', '19:05:21', 0, 0, 1, 2, 'F', 800),
(8, 7, 3, '15:30:43', '01:16:29', 0, 1, 1, 3, 'F', 537),
(1, 4, 2, '22:01:10', '12:30:54', 0, 0, 0, 4, 'M', 336),
(5, 4, 5, '14:12:50', '23:49:20', 1, 1, 1, 3, 'F', 650),
(4, 9, 1, '18:25:23', '08:01:06', 1, 0, 1, 3, 'M', 290),
(15, 2, 1, '11:07:59', '16:55:05', 0, 1, 1, 1, 'M', 170),
(13, 9, 2, '23:07:55', '06:06:37', 1, 1, 1, 3, 'M', 490),
(15, 5, 4, '23:22:02', '11:59:21', 1, 1, 0, 2, 'M', 28),
(10, 5, 3, '16:17:22', '22:55:43', 1, 0, 1, 1, 'F', 470),
(12, 5, 5, '12:20:33', '06:19:35', 0, 1, 0, 4, 'F', 719),
(12, 5, 5, '00:29:12', '09:40:26', 1, 1, 1, 4, 'F', 116),
(14, 5, 5, '18:45:05', '11:16:21', 1, 1, 1, 3, 'M', 581),
(12, 8, 2, '18:29:01', '07:05:19', 0, 0, 1, 5, 'F', 498),
(3, 6, 4, '23:01:33', '12:00:21', 0, 1, 0, 5, 'F', 348),
(8, 1, 4, '23:01:13', '00:30:10', 1, 1, 1, 4, 'F', 39),
(15, 6, 1, '13:41:47', '18:20:29', 0, 1, 1, 1, 'F', 326),
(15, 7, 1, '12:40:53', '00:57:42', 0, 0, 1, 5, 'F', 651),
(13, 10, 4, '01:43:29', '19:12:46', 1, 1, 1, 4, 'M', 116),
(15, 7, 1, '20:38:58', '08:11:56', 0, 1, 1, 3, 'F', 138),
(3, 8, 1, '11:48:32', '07:04:58', 0, 0, 0, 4, 'F', 394),
(9, 4, 4, '00:24:31', '23:46:43', 0, 1, 1, 4, 'M', 1301),
(5, 9, 4, '14:13:30', '05:56:34', 1, 1, 1, 2, 'M', 803),
(13, 9, 1, '02:14:16', '15:46:14', 0, 0, 0, 2, 'F', 20),
(6, 7, 1, '07:58:48', '02:44:41', 1, 1, 0, 2, 'F', 1093),
(9, 8, 1, '00:28:44', '16:52:12', 1, 0, 0, 5, 'F', 975),
(11, 6, 1, '12:44:07', '23:00:35', 0, 1, 1, 2, 'M', 568),
(11, 9, 5, '12:07:24', '22:14:49', 0, 1, 1, 2, 'F', 1195),
(4, 6, 4, '10:36:09', '00:35:43', 1, 1, 1, 5, 'M', 1130),
(7, 9, 2, '13:27:33', '00:37:48', 1, 0, 1, 4, 'F', 1260),
(4, 2, 5, '00:24:39', '17:36:54', 0, 1, 1, 1, 'M', 281),
(8, 7, 1, '00:33:00', '12:44:01', 1, 0, 1, 3, 'M', 1014),
(14, 2, 3, '14:41:35', '22:32:53', 0, 1, 0, 4, 'F', 1103),
(5, 9, 5, '05:10:38', '16:50:06', 0, 1, 0, 4, 'M', 512),
(9, 4, 4, '12:01:52', '05:22:32', 1, 0, 0, 1, 'M', 1017),
(4, 7, 5, '18:53:03', '12:50:21', 0, 1, 0, 4, 'M', 577),
(13, 7, 2, '03:52:15', '21:06:53', 0, 1, 1, 4, 'M', 370),
(7, 2, 4, '02:00:41', '12:52:43', 0, 0, 0, 1, 'M', 48),
(11, 3, 1, '12:19:59', '01:59:58', 1, 1, 0, 4, 'F', 306),
(10, 1, 3, '12:35:52', '01:11:22', 1, 0, 1, 3, 'M', 407),
(1, 2, 3, '10:28:18', '06:25:06', 1, 1, 1, 5, 'M', 498),
(9, 3, 4, '11:27:56', '05:40:26', 1, 0, 0, 3, 'F', 127),
(13, 9, 4, '14:20:01', '01:19:47', 0, 0, 0, 1, 'F', 40),
(5, 1, 2, '17:47:18', '21:53:51', 1, 1, 0, 1, 'F', 1061),
(11, 2, 2, '01:54:59', '19:11:29', 1, 1, 1, 2, 'F', 320),
(11, 8, 4, '12:18:12', '21:46:07', 1, 0, 0, 2, 'M', 1284),
(5, 4, 4, '03:31:56', '06:32:34', 1, 0, 0, 1, 'F', 1),
(9, 1, 5, '18:43:08', '00:00:40', 0, 0, 0, 2, 'M', 897),
(11, 7, 2, '19:52:55', '07:49:04', 1, 0, 1, 3, 'M', 771),
(13, 4, 4, '05:41:26', '20:13:15', 1, 0, 0, 5, 'F', 343),
(8, 5, 3, '17:11:16', '10:30:46', 1, 0, 0, 2, 'F', 193),
(3, 1, 3, '00:34:14', '05:04:32', 0, 1, 0, 4, 'F', 1176),
(7, 9, 2, '16:57:16', '09:36:25', 1, 0, 1, 4, 'F', 405),
(12, 8, 3, '23:42:46', '20:10:49', 1, 0, 0, 5, 'F', 154),
(4, 9, 1, '04:12:42', '16:36:10', 0, 0, 0, 3, 'F', 191),
(8, 7, 3, '22:52:43', '10:16:21', 0, 1, 0, 1, 'F', 191),
(1, 8, 4, '21:25:44', '01:29:17', 0, 1, 1, 1, 'M', 791),
(14, 7, 4, '06:57:48', '20:41:18', 0, 0, 1, 4, 'M', 873),
(13, 2, 3, '09:18:47', '00:31:57', 1, 0, 1, 5, 'M', 435),
(5, 8, 1, '05:56:14', '18:06:25', 0, 0, 0, 4, 'F', 543),
(1, 2, 5, '08:09:17', '13:47:14', 1, 0, 1, 4, 'M', 441),
(1, 3, 1, '12:44:07', '21:40:07', 1, 0, 1, 5, 'F', 627),
(9, 4, 1, '12:48:47', '06:59:39', 1, 0, 0, 4, 'F', 943),
(2, 4, 1, '18:40:11', '22:41:36', 0, 0, 1, 4, 'M', 1087),
(3, 7, 2, '07:39:18', '00:45:09', 1, 0, 1, 2, 'M', 1066),
(10, 7, 2, '23:01:34', '10:53:15', 0, 1, 1, 1, 'M', 144),
(7, 1, 4, '22:16:33', '00:33:34', 0, 1, 0, 1, 'F', 735),
(5, 7, 4, '16:29:50', '09:40:08', 1, 0, 1, 4, 'F', 31),
(3, 5, 4, '04:42:26', '18:52:52', 1, 0, 0, 3, 'F', 152),
(11, 7, 4, '13:33:45', '08:24:44', 1, 0, 0, 5, 'M', 608),
(11, 3, 1, '00:45:50', '14:44:20', 0, 0, 1, 4, 'F', 440),
(6, 10, 1, '21:59:28', '02:35:19', 0, 0, 0, 1, 'M', 260),
(15, 3, 1, '04:36:19', '15:01:05', 1, 0, 0, 1, 'M', 548),
(9, 10, 3, '06:32:01', '21:50:41', 0, 1, 1, 3, 'M', 967),
(9, 3, 1, '20:01:31', '04:06:38', 0, 1, 1, 1, 'M', 65),
(13, 4, 2, '13:07:36', '22:25:01', 1, 0, 1, 2, 'F', 1019),
(14, 3, 4, '17:47:41', '05:00:29', 0, 0, 1, 4, 'F', 513),
(6, 8, 2, '10:54:37', '21:59:00', 0, 0, 0, 1, 'M', 605),
(11, 10, 3, '21:32:38', '07:41:11', 1, 1, 0, 3, 'F', 690),
(11, 5, 1, '09:56:57', '01:58:09', 0, 1, 0, 5, 'M', 227),
(1, 6, 4, '09:27:47', '01:23:20', 1, 1, 0, 3, 'F', 309),
(6, 9, 1, '19:40:56', '07:33:21', 0, 0, 1, 4, 'M', 307),
(2, 2, 5, '03:47:22', '18:55:37', 1, 0, 0, 2, 'M', 270),
(7, 5, 3, '20:00:18', '02:03:38', 1, 0, 1, 5, 'F', 1202),
(12, 4, 3, '16:17:26', '10:21:46', 1, 0, 1, 1, 'M', 942),
(14, 5, 3, '04:36:48', '17:33:34', 0, 1, 1, 4, 'F', 956),
(11, 8, 5, '12:00:29', '23:22:43', 0, 1, 0, 2, 'F', 1310),
(11, 8, 1, '18:52:59', '09:24:23', 0, 1, 1, 3, 'M', 1199),
(7, 10, 1, '23:54:11', '20:16:20', 1, 1, 1, 4, 'F', 656),
(8, 9, 2, '11:48:59', '16:51:46', 0, 1, 1, 4, 'F', 524),
(5, 8, 3, '08:42:27', '23:55:09', 1, 0, 1, 1, 'F', 310),
(5, 3, 1, '07:52:12', '04:47:13', 1, 1, 0, 5, 'F', 835),
(13, 5, 5, '04:58:28', '17:30:47', 1, 1, 0, 4, 'F', 1320),
(13, 4, 2, '04:38:00', '18:20:02', 0, 0, 1, 5, 'F', 73),
(9, 10, 3, '00:51:51', '20:04:30', 0, 1, 1, 1, 'F', 1071),
(14, 6, 3, '15:00:59', '10:48:27', 1, 0, 0, 5, 'M', 988),
(13, 5, 2, '05:11:56', '14:46:14', 0, 0, 1, 2, 'M', 425),
(3, 4, 5, '04:30:13', '09:46:07', 1, 1, 0, 5, 'F', 19),
(8, 7, 5, '15:46:54', '21:58:23', 1, 1, 0, 5, 'F', 634),
(3, 5, 1, '06:58:41', '20:53:17', 0, 1, 1, 1, 'F', 725),
(8, 9, 1, '10:31:22', '19:32:14', 1, 1, 0, 4, 'M', 252),
(3, 9, 2, '08:37:31', '16:47:15', 1, 0, 1, 5, 'M', 728),
(3, 6, 5, '07:30:49', '02:07:10', 0, 0, 1, 3, 'F', 964),
(1, 3, 1, '00:02:44', '04:59:29', 1, 1, 0, 2, 'M', 54),
(9, 9, 5, '23:57:11', '07:36:14', 1, 1, 0, 4, 'F', 922),
(5, 9, 5, '11:51:53', '08:30:34', 1, 1, 0, 5, 'M', 1248),
(12, 10, 4, '20:14:01', '07:59:12', 1, 1, 1, 4, 'F', 410),
(14, 9, 2, '19:04:06', '14:13:04', 0, 1, 0, 1, 'M', 1297),
(11, 9, 2, '08:18:55', '17:37:04', 1, 1, 0, 5, 'M', 954),
(11, 6, 4, '14:52:28', '05:27:45', 0, 1, 1, 5, 'M', 406),
(1, 1, 1, '17:52:27', '21:23:49', 0, 1, 0, 1, 'F', 393),
(3, 6, 3, '18:44:09', '11:33:46', 0, 1, 0, 4, 'F', 1257),
(1, 1, 5, '09:48:53', '19:05:07', 1, 1, 1, 1, 'M', 892),
(10, 5, 3, '21:27:12', '12:32:18', 1, 1, 1, 4, 'F', 546),
(11, 1, 3, '04:44:33', '23:07:50', 1, 0, 1, 4, 'F', 1303),
(12, 7, 2, '10:51:55', '17:38:33', 1, 0, 1, 2, 'M', 969),
(5, 2, 3, '08:08:03', '20:15:08', 1, 0, 1, 4, 'M', 1225),
(13, 1, 4, '16:02:46', '06:19:09', 0, 0, 1, 4, 'F', 694),
(11, 3, 2, '18:38:14', '14:09:02', 1, 1, 1, 1, 'M', 1037),
(9, 10, 4, '16:15:51', '20:14:39', 1, 0, 1, 2, 'M', 968),
(12, 7, 4, '15:59:51', '00:56:37', 1, 0, 0, 3, 'M', 1239),
(15, 4, 2, '06:27:17', '01:07:06', 0, 1, 0, 3, 'M', 532),
(1, 6, 1, '11:15:16', '03:46:17', 1, 1, 1, 2, 'M', 350),
(13, 3, 1, '04:51:22', '15:42:52', 0, 1, 0, 3, 'F', 572),
(3, 7, 2, '06:30:20', '21:31:05', 0, 1, 1, 3, 'M', 1195),
(1, 10, 1, '13:28:43', '20:57:50', 0, 1, 1, 3, 'M', 807),
(6, 3, 1, '04:57:56', '14:02:08', 0, 0, 1, 2, 'F', 55),
(10, 2, 1, '14:02:28', '09:29:46', 0, 0, 0, 2, 'F', 1098),
(15, 5, 2, '03:34:24', '15:59:51', 1, 0, 0, 4, 'M', 584),
(10, 5, 2, '07:59:34', '13:15:36', 1, 1, 1, 4, 'F', 535),
(1, 9, 1, '02:09:29', '09:53:52', 1, 0, 1, 5, 'F', 179),
(1, 9, 1, '08:12:35', '14:02:25', 0, 0, 0, 3, 'F', 933),
(2, 9, 5, '17:16:24', '20:29:37', 0, 1, 0, 5, 'M', 1306),
(2, 9, 4, '10:13:40', '16:25:00', 1, 0, 1, 1, 'M', 212),
(14, 5, 5, '03:29:06', '22:54:24', 0, 0, 0, 1, 'F', 336),
(15, 9, 4, '15:56:45', '21:19:07', 1, 0, 0, 1, 'F', 1221),
(8, 5, 1, '00:10:51', '23:46:59', 0, 0, 1, 3, 'F', 1235),
(14, 6, 4, '22:34:09', '18:25:56', 1, 0, 1, 5, 'M', 908),
(5, 4, 1, '13:29:36', '08:03:35', 0, 0, 1, 3, 'F', 619),
(7, 2, 5, '13:38:55', '22:39:53', 1, 1, 1, 3, 'M', 1173),
(12, 2, 4, '06:04:15', '18:23:14', 0, 0, 0, 1, 'M', 1266),
(13, 2, 5, '17:13:58', '06:22:14', 0, 1, 1, 5, 'F', 534),
(7, 5, 2, '12:55:00', '17:34:16', 1, 1, 0, 3, 'F', 90),
(3, 9, 5, '16:49:03', '23:13:19', 1, 0, 1, 4, 'F', 1152),
(7, 1, 1, '01:07:27', '09:46:56', 0, 0, 0, 5, 'M', 542),
(5, 9, 5, '13:52:40', '19:28:55', 0, 1, 0, 4, 'F', 49),
(2, 1, 3, '04:08:28', '08:29:40', 1, 0, 0, 2, 'F', 890),
(2, 10, 5, '19:57:19', '16:24:30', 1, 0, 1, 2, 'F', 131),
(9, 1, 3, '21:45:01', '08:25:09', 1, 0, 0, 2, 'F', 616),
(2, 6, 2, '08:44:11', '16:22:34', 0, 1, 0, 4, 'F', 1159),
(2, 4, 4, '05:37:47', '13:47:07', 0, 1, 0, 4, 'M', 457),
(14, 6, 2, '13:13:57', '09:31:20', 0, 1, 0, 1, 'M', 1026),
(11, 3, 3, '20:28:50', '16:13:18', 1, 1, 0, 5, 'F', 801),
(2, 1, 4, '01:02:35', '12:05:40', 0, 1, 0, 5, 'F', 652),
(4, 2, 5, '01:25:42', '14:14:03', 1, 0, 0, 2, 'M', 1244),
(15, 8, 3, '01:22:38', '08:44:51', 0, 0, 1, 3, 'F', 1008),
(2, 1, 1, '17:38:13', '13:32:56', 0, 1, 1, 5, 'M', 314),
(15, 8, 4, '04:33:12', '22:09:07', 0, 1, 0, 2, 'F', 1309),
(12, 2, 5, '18:01:37', '01:43:24', 1, 1, 1, 1, 'M', 925),
(1, 1, 2, '11:18:10', '22:00:10', 0, 0, 1, 1, 'M', 878),
(5, 7, 4, '17:51:35', '22:19:37', 1, 1, 1, 1, 'M', 1005),
(1, 3, 1, '05:42:08', '02:09:17', 1, 0, 1, 5, 'F', 1187),
(14, 5, 5, '22:03:59', '03:55:02', 0, 1, 0, 3, 'M', 1102),
(15, 1, 5, '19:39:39', '12:03:41', 0, 0, 0, 5, 'M', 630),
(11, 8, 2, '21:49:45', '17:02:10', 0, 1, 1, 4, 'F', 172),
(6, 1, 2, '13:46:58', '18:10:42', 0, 0, 0, 4, 'F', 84),
(4, 6, 4, '02:08:18', '09:08:50', 0, 1, 0, 5, 'M', 456),
(3, 3, 3, '06:03:58', '12:38:34', 0, 1, 1, 1, 'F', 1147),
(9, 8, 5, '20:58:00', '06:24:33', 1, 1, 0, 4, 'F', 1251),
(15, 7, 4, '20:57:03', '06:22:18', 1, 1, 1, 5, 'F', 1054),
(11, 8, 1, '13:01:08', '05:37:14', 1, 0, 1, 2, 'M', 833),
(2, 1, 1, '10:06:01', '22:31:38', 1, 0, 0, 3, 'F', 1025),
(13, 8, 3, '06:29:55', '16:53:10', 0, 0, 1, 2, 'M', 709),
(6, 9, 2, '13:23:38', '22:04:03', 1, 1, 0, 2, 'F', 1217),
(12, 4, 5, '00:43:12', '18:47:34', 1, 0, 1, 4, 'F', 16),
(8, 8, 4, '06:09:32', '18:21:26', 0, 1, 0, 5, 'M', 342),
(3, 8, 3, '21:23:35', '17:03:05', 0, 0, 1, 5, 'M', 81),
(9, 7, 3, '04:26:05', '12:28:26', 1, 1, 0, 4, 'F', 187),
(6, 2, 3, '23:21:29', '09:03:29', 1, 0, 0, 5, 'F', 166),
(4, 9, 2, '16:13:12', '02:00:35', 1, 1, 0, 5, 'F', 446),
(11, 3, 3, '01:53:31', '06:19:42', 0, 0, 1, 5, 'F', 1306),
(13, 4, 3, '12:28:53', '05:42:21', 1, 1, 0, 1, 'F', 402),
(14, 1, 2, '16:09:15', '08:22:56', 0, 0, 0, 2, 'F', 103),
(11, 5, 5, '09:11:25', '19:32:58', 1, 0, 0, 2, 'M', 1140),
(10, 5, 1, '23:39:16', '11:19:23', 0, 1, 1, 3, 'F', 992),
(6, 7, 4, '11:40:59', '04:32:26', 1, 0, 1, 5, 'M', 1111),
(1, 3, 4, '16:58:27', '21:56:50', 0, 0, 0, 2, 'M', 517),
(12, 5, 2, '12:20:26', '04:53:17', 1, 0, 1, 2, 'F', 608),
(1, 7, 1, '03:47:29', '22:13:44', 1, 0, 0, 1, 'M', 308),
(12, 3, 1, '20:44:37', '15:50:04', 0, 0, 1, 5, 'F', 385),
(12, 3, 1, '15:23:46', '10:38:41', 0, 0, 0, 5, 'M', 1291),
(4, 2, 5, '10:00:51', '02:46:47', 1, 0, 0, 2, 'F', 1305),
(7, 9, 5, '08:14:15', '14:40:15', 1, 0, 1, 4, 'M', 59),
(13, 2, 5, '23:53:03', '11:50:24', 0, 0, 0, 4, 'F', 687),
(2, 4, 5, '05:07:37', '13:26:53', 0, 0, 0, 1, 'F', 326),
(3, 7, 3, '20:31:51', '10:41:03', 1, 1, 1, 1, 'M', 669),
(2, 9, 3, '21:57:49', '00:41:29', 1, 0, 0, 1, 'F', 373),
(1, 1, 5, '02:50:13', '10:14:26', 1, 0, 0, 2, 'M', 764),
(3, 10, 2, '07:39:31', '03:46:56', 1, 0, 0, 3, 'F', 572),
(4, 9, 1, '12:22:30', '16:21:53', 0, 1, 1, 5, 'M', 1147),
(3, 3, 5, '17:03:33', '00:29:16', 0, 0, 0, 5, 'F', 79),
(15, 8, 5, '14:26:05', '17:31:58', 0, 1, 0, 1, 'M', 737),
(3, 10, 2, '05:14:12', '00:29:05', 1, 1, 1, 5, 'F', 447),
(13, 7, 2, '18:25:13', '06:28:45', 0, 0, 0, 1, 'F', 898),
(13, 4, 4, '14:39:51', '17:50:33', 1, 0, 0, 1, 'F', 295),
(15, 5, 1, '19:37:58', '23:03:36', 0, 1, 1, 2, 'M', 30),
(11, 5, 2, '18:17:54', '00:29:17', 0, 1, 1, 3, 'F', 1306),
(14, 1, 2, '03:15:41', '00:10:15', 0, 1, 0, 5, 'F', 514),
(8, 3, 4, '18:37:41', '00:10:12', 0, 0, 0, 1, 'F', 75),
(14, 8, 3, '00:18:55', '10:29:48', 1, 0, 1, 1, 'F', 446),
(15, 5, 3, '00:52:19', '07:14:30', 1, 1, 1, 1, 'M', 329),
(2, 10, 1, '11:26:20', '17:18:28', 1, 1, 1, 2, 'M', 1236),
(9, 2, 2, '06:00:33', '02:50:21', 1, 1, 0, 3, 'F', 971),
(3, 4, 5, '14:13:19', '01:01:20', 0, 1, 1, 4, 'F', 282),
(8, 2, 4, '02:56:10', '12:11:18', 0, 1, 1, 2, 'M', 472),
(7, 4, 2, '09:28:39', '12:55:02', 1, 0, 0, 3, 'F', 207),
(14, 8, 5, '19:03:12', '01:18:37', 0, 1, 0, 5, 'M', 1119),
(4, 1, 5, '22:46:59', '06:16:17', 1, 0, 0, 4, 'F', 656),
(2, 3, 4, '10:23:11', '22:50:50', 1, 0, 1, 4, 'M', 907),
(4, 6, 3, '19:00:08', '13:54:49', 0, 1, 1, 5, 'F', 557),
(9, 8, 2, '13:33:21', '02:29:59', 1, 0, 0, 5, 'F', 706),
(8, 8, 5, '20:47:56', '08:02:16', 0, 0, 0, 1, 'F', 78),
(6, 3, 5, '14:02:31', '21:52:58', 0, 0, 0, 5, 'F', 416),
(7, 10, 3, '20:49:46', '13:48:35', 1, 1, 1, 4, 'F', 1150),
(3, 4, 5, '13:17:40', '23:35:28', 1, 1, 0, 4, 'M', 960),
(2, 10, 1, '04:16:41', '22:38:50', 0, 1, 0, 4, 'M', 79),
(9, 8, 3, '08:03:47', '02:45:02', 1, 1, 0, 2, 'M', 1199),
(4, 3, 2, '13:10:13', '22:30:04', 1, 0, 0, 4, 'F', 1143),
(8, 6, 5, '12:44:46', '18:22:02', 0, 1, 1, 4, 'M', 410),
(1, 2, 3, '23:27:46', '12:53:54', 1, 0, 1, 2, 'F', 362),
(10, 9, 1, '17:13:53', '23:10:46', 1, 0, 1, 2, 'F', 912),
(11, 5, 2, '15:45:09', '21:36:53', 0, 0, 0, 3, 'F', 63),
(3, 5, 5, '12:38:37', '16:44:54', 0, 1, 1, 3, 'F', 626),
(1, 1, 3, '09:46:26', '14:18:52', 0, 1, 1, 1, 'M', 453),
(2, 7, 1, '17:30:46', '07:44:08', 1, 1, 0, 4, 'M', 498),
(11, 1, 5, '04:03:12', '22:32:16', 0, 1, 1, 4, 'F', 1269),
(12, 10, 2, '05:54:01', '12:36:47', 0, 0, 1, 5, 'M', 1005),
(5, 3, 3, '00:45:53', '19:02:21', 1, 0, 1, 1, 'F', 600),
(6, 7, 3, '15:54:46', '00:55:01', 0, 0, 1, 1, 'F', 41),
(4, 8, 5, '09:34:55', '16:18:46', 0, 0, 1, 2, 'F', 1023),
(15, 8, 5, '02:08:32', '07:15:25', 1, 1, 0, 2, 'F', 701),
(3, 10, 1, '15:21:34', '06:40:48', 0, 0, 0, 5, 'M', 91),
(10, 3, 5, '20:12:29', '01:04:53', 1, 1, 0, 1, 'F', 835),
(6, 6, 3, '17:28:05', '13:50:48', 1, 0, 1, 3, 'M', 464),
(8, 7, 5, '06:20:05', '17:26:33', 1, 0, 0, 3, 'M', 503),
(7, 6, 3, '07:26:39', '13:04:02', 1, 1, 1, 3, 'F', 637),
(9, 2, 3, '16:23:48', '01:11:58', 0, 1, 1, 4, 'F', 132);